,S1,S2,S1,S2,S1,S2,S1,S2,S1,S2,S1,S2,S1,S2,S1,S2,S1,S2,S1,S2,S1,S2,S1,S2,S1,S2,S1,S2,S1,S2,S1,S2,S1,S2,S1,S2,S1,S2,S1,S2,S1,S2,S1,S2,S1,S2,S1,S2,S1,S2,S1,S2,S1,S2,S1,S2,S1,S2,S1,S2

103_1305031931979_D3.aiff,481,1524,2486,3448,4491,5533,6576,7619,8581,9623,10506,11548,12510,13553,14435,15478,16440,17402,18365,19327,20289,21252,22054,23016,23898,24861,25743,26705,27667,28550,29672,30715,31597,32559,33522,34564,35446,36489
184_1308073010307_B.aiff,456,1481,2506,3531,4783,5808,6947,7858,8883,10022,11047,12186,13211,14236,15261,16400,17425,18450,19589,20614,21752,22777,23802,25055,25966,26911,28130,29155,30408,31319,32344,33483,34622,35761,36786,37924,39177,40088,41227,42366,43277,44302,45213,46238,47263,48288,49313,50680,51705
129_1306344506305_B1.aiff,563,1612,2636,3659,4708,,6320,7395,9468,10465
154_1306935608852_B.aiff,686,1842,2925,3864,5055,6066,7222,8305,9424,10435,11555,12638,13757,14877,15996
159_1307018640315_C1.aiff,672,1792,3040,4128,5568,6688,8129,9281,10721,11873,13089,14273
179_1307990076841_D.aiff,448,1633,2817,3969,5186,6402,7939,9155,10532,11716,12996,14181
153_1306848820671_B.aiff,334,1505,2466,3552,4681,5725,7021,8066,9320,10323,11409,12454,13499,14544,15547,16633,17761,18806
153_1306848820671_B1.aiff,785,1831,2922,3968,5058,6105,7151,8241,9375,10422,11643,12689,13866,14869,15960,17093,18140,19099
176_1307988171173_B.aiff,836,2119,4266,5549,7724,8978,10958,12213
177_1307989650056_D.aiff,1263,2401,3610,4678,6154,7292
